70.86614173	
78.74015748	
86.61417323
94.48818898	
102.3622047	
110.2362205	
118.1102362	
125.984252	
133.8582677	
141.7322835	
149.6062992	
157.480315	
165.3543307	
173.2283465	
181.1023622	
188.976378	
196.8503937	
204.7244094	
212.5984252	
220.4724409	
228.3464567	
236.2204724	
244.0944882	
251.9685039	
259.8425197	
267.7165354	
275.5905512	
283.4645669	
291.3385827	
299.2125984	
307.0866142	
314.9606299	
322.8346457	
330.7086614	
338.5826772	
346.4566929	
354.3307087	
362.2047244	
370.0787402	
377.9527559	
