43.2632 0.00201334 0.0889565 0.00209571 
43.3033 0.00188624 0.0840755 0.00145794 
43.3421 0.00199319 0.0853257 0.00140436 
43.3894 0.00224261 0.0939884 0.00246816 
43.4399 0.00226634 0.0941947 0.00204848 
43.4902 0.00206281 0.0868147 0.00177889 
43.5272 0.00217528 0.0937605 0.00175636 
43.5615 0.00232977 0.0950854 0.00198156 
43.6321 0.00267532 0.0973886 0.00227034 
43.6859 0.00197055 0.0797236 0.00191815 
43.7173 0.00199225 0.0797585 0.00154016 
43.7453 0.00211286 0.0809277 0.00181976 
43.7834 0.00273985 0.102382 0.00302548 
43.8396 0.00291539 0.111254 0.0027343 
43.904 0.00234319 0.0926209 0.00216803 
43.9299 0.00209212 0.0836435 0.00159841 
43.9732 0.00276828 0.109801 0.0027892 
44.0262 0.00258 0.101867 0.00245921 
44.0714 0.00211913 0.0863127 0.00179171 
44.113 0.00228096 0.0947559 0.00173923 
44.1618 0.00240461 0.0980631 0.00216241 
44.1924 0.00236353 0.0987299 0.00277255 
44.2418 0.00228903 0.0913969 0.00303269 
44.3164 0.00230721 0.0924008 0.00179077 
44.3693 0.00214428 0.0992971 0.00155296 
44.4133 0.00206783 0.0946667 0.00165549 
44.4555 0.00181035 0.083751 0.00141531 
44.4968 0.00184127 0.0844203 0.00172241 
44.5324 0.00200245 0.0857607 0.00240149 
44.5827 0.00213912 0.0957896 0.00191123 
44.6426 0.00214731 0.0938535 0.00157319 
44.6786 0.00213015 0.092581 0.00171938 
44.7178 0.00214027 0.0900443 0.00195617 
44.7721 0.00273639 0.113284 0.00288243 
44.8219 0.00236802 0.0981853 0.00216661 
44.8717 0.00206935 0.0878224 0.00146218 
44.911 0.00221527 0.0916166 0.00168554 
44.9528 0.00241946 0.0996616 0.00222216 
45.0169 0.00256657 0.0994826 0.00249317 
45.0675 0.00270579 0.0900897 0.0019115 
